2020-05-09 21:02:23.203:读取一对一主设备结果>>:5A 02 00 82 02 00 AA 00 00 00 FF 0A 30 00 02 01 03 B7
2020-05-09 21:02:23.205:JP协议发送查询测试结果查询指令>>:5A 02 00 82 02 00 AA 00 00 00 FF 0A 30 00 02 01 03 B7
2020-05-09 21:02:23.207:读取一对一主设备结果等待 cnt :0
2020-05-09 21:02:23.329:单次串口事件收到数据量: 38  内容：5A 02 00 0A 04 00 AA 00 00 00 FF 0A 30 13 02 01 03 00 00 06 06 00 00 00 00 00 00 00 00 F4 01 00 00 F4 01 00 00 2A
2020-05-09 21:02:23.331:接收到完整的一帧JP协议数据
2020-05-09 21:02:23.333:JP协议接收查询测试结果回复信息>>:5A 02 00 0A 04 00 AA 00 00 00 FF 0A 30 13 02 01 03 00 00 06 06 00 00 00 00 00 00 00 00 F4 01 00 00 F4 01 00 00 2A
2020-05-09 21:02:23.334:接收到的数据格式是JP协议
2020-05-09 21:02:24.209:读取一对一主设备结果等待 cnt :1
2020-05-09 21:02:24.212:jpMsgList缓存中接收到对应的回发数据为:jpMsgList 50 :5A 02 00 0A 04 00 AA 00 00 00 FF 0A 30 13 02 01 03 00 00 06 06 00 00 00 00 00 00 00 00 F4 01 00 00 F4 01 00 00 2A
2020-05-09 21:02:24.218:一对一测试主设备结果:
	回复状态:0
	测试结果:0
	发送状态:停止
	接收状态:停止
	接收错误计帧数:0
	接收丢失计帧数:0
	连续丢包2次以上计次数:0
	连续丢包2次以上计帧数:0
	正确接收帧数:500
	已发送帧数:500

2020-05-09 21:02:24.304:JP协议发送查询测试结果查询指令>>:5A 02 00 83 02 00 33 44 00 06 33 52 31 00 02 01 03 F8
2020-05-09 21:02:24.304:读取一对一从设备结果等待 cnt :0
2020-05-09 21:02:24.600:单次串口事件收到数据量: 38  内容：5A 02 00 0B 04 00 33 44 00 06 33 52 31 13 02 01 03 00 00 06 06 00 00 00 00 00 00 00 00 F4 01 00 00 F4 01 00 00 65
2020-05-09 21:02:24.602:接收到完整的一帧JP协议数据
2020-05-09 21:02:24.604:JP协议接收查询测试结果回复信息>>:5A 02 00 0B 04 00 33 44 00 06 33 52 31 13 02 01 03 00 00 06 06 00 00 00 00 00 00 00 00 F4 01 00 00 F4 01 00 00 65
2020-05-09 21:02:24.605:接收到的数据格式是JP协议
2020-05-09 21:02:25.306:读取一对一从设备结果等待 cnt :1
2020-05-09 21:02:25.308:jpMsgList缓存中接收到对应的回发数据为:jpMsgList 51 :5A 02 00 0B 04 00 33 44 00 06 33 52 31 13 02 01 03 00 00 06 06 00 00 00 00 00 00 00 00 F4 01 00 00 F4 01 00 00 65
2020-05-09 21:02:25.314:一对一测试从设备结果:
	回复状态:0
	测试结果:0
	发送状态:停止
	接收状态:停止
	接收错误计帧数:0
	接收丢失计帧数:0
	连续丢包2次以上计次数:0
	连续丢包2次以上计帧数:0
	正确接收帧数:500
	已发送帧数:500

2020-05-09 21:02:25.318:主设备发送成功率:100%
从设备发送成功率:100%

2020-05-09 21:02:25.320:property.Mac = :33-44-00-06-33-52
2020-05-09 21:02:25.321:轮询到远程设备mac = :33-44-00-06-33-52
2020-05-09 21:02:25.323:JP协议发送设备基本信息查询指令>>:5A 02 00 83 02 00 33 44 00 06 33 52 32 00 21 01 01 DA
2020-05-09 21:02:25.655:单次串口事件收到数据量: 59  内容：5A 02 00 0B 04 00 33 44 00 06 33 52 32 28 21 01 01 00 31 01 00 00 58 5E 33 44 00 06 33 52 AA 00 00 00 FF 0A 04 00 00 A4 64 4D 00 30 01 00 00 17 26 B2 5E 01 04 00 51 00 01 00 35
2020-05-09 21:02:25.657:接收到完整的一帧JP协议数据
2020-05-09 21:02:25.658:JP协议接收设备基本信息回复信息>>:5A 02 00 0B 04 00 33 44 00 06 33 52 32 28 21 01 01 00 31 01 00 00 58 5E 33 44 00 06 33 52 AA 00 00 00 FF 0A 04 00 00 A4 64 4D 00 30 01 00 00 17 26 B2 5E 01 04 00 51 00 01 00 35
2020-05-09 21:02:25.660:接收到的数据格式是JP协议
2020-05-09 21:02:25.928:jpMsgList缓存中接收到对应的回发数据为:jpMsgList 52 :5A 02 00 0B 04 00 33 44 00 06 33 52 32 28 21 01 01 00 31 01 00 00 58 5E 33 44 00 06 33 52 AA 00 00 00 FF 0A 04 00 00 A4 64 4D 00 30 01 00 00 17 26 B2 5E 01 04 00 51 00 01 00 35
2020-05-09 21:02:25.930:JP协议发送设备在线测试查询指令>>:5A 02 00 82 02 00 33 44 00 06 33 52 33 04 01 01 02 7E 74 30 14 D3
2020-05-09 21:02:26.038:单次串口事件收到数据量: 23  内容：5A 02 00 0A 04 00 AA 00 00 00 FF 0A 33 04 01 01 02 00 7E 74 30 14 12
2020-05-09 21:02:26.039:接收到完整的一帧JP协议数据
2020-05-09 21:02:26.040:JP协议接收设备在线测试回复信息>>:5A 02 00 0A 04 00 AA 00 00 00 FF 0A 33 04 01 01 02 00 7E 74 30 14 12
2020-05-09 21:02:26.040:接收到的数据格式是JP协议
2020-05-09 21:02:26.231:jpMsgList缓存中接收到对应的回发数据为:jpMsgList 53 :5A 02 00 0A 04 00 AA 00 00 00 FF 0A 33 04 01 01 02 00 7E 74 30 14 12
2020-05-09 21:02:26.233:设备在线
2020-05-09 21:02:26.236:WQ协议：查询节点状态信息>>: AA AA 07 FC 06 00 00 01 33 44 00 06 33 52 20 87 FF
2020-05-09 21:02:26.357:单次串口事件收到数据量: 23  内容：AA AA 0D FD 06 3F 00 01 01 00 01 00 33 44 00 06 33 52 64 61 87 4B FF
2020-05-09 21:02:26.358:WQ协议：回复节点状态信息>>: AA AA 0D FD 06 3F 00 01 01 00 01 00 33 44 00 06 33 52 64 61 87 4B FF
2020-05-09 21:02:26.359:接收到的数据格式是WQ协议
