2020-05-11 15:01:06.502:WQ协议：mcu查询模块信息>>: AA AA 01 FC 12 00 00 01 55 7B FF
2020-05-11 15:01:12.510:deviceType = 0
2020-05-11 15:01:12.535:接入设备类型未知
2020-05-11 15:04:10.285:WQ协议：mcu查询模块信息>>: AA AA 01 FC 12 00 00 01 55 7B FF
2020-05-11 15:04:16.293:deviceType = 0
2020-05-11 15:04:16.306:接入设备类型未知
2020-05-11 15:05:10.731:WQ协议：mcu查询模块信息>>: AA AA 01 FC 12 00 00 01 55 7B FF
2020-05-11 15:05:16.737:deviceType = 1
2020-05-11 15:05:16.759:JP协议发送设备基本信息查询指令>>:5A 02 00 82 02 00 00 00 00 00 00 00 01 00 21 01 01 F8
2020-05-11 15:05:16.761:jp210101remsgList.Count :0
2020-05-11 15:05:16.869:单次串口事件收到数据量: 34  内容：5A 02 00 0A 04 00 33 44 00 06 33 52 01 28 21 01 01 00 39 01 00 00 58 5E 33 44 00 06 33 52 AA 00 00 00
2020-05-11 15:05:16.881:单次串口事件收到数据量: 25  内容：FF 0A 07 00 00 C5 D6 07 00 30 01 00 00 17 26 B2 5E 01 04 00 51 00 01 00 95
2020-05-11 15:05:16.882:接收到完整的一帧JP协议数据
2020-05-11 15:05:16.882:JP协议接收设备基本信息回复信息>>:5A 02 00 0A 04 00 33 44 00 06 33 52 01 28 21 01 01 00 39 01 00 00 58 5E 33 44 00 06 33 52 AA 00 00 00 FF 0A 07 00 00 C5 D6 07 00 30 01 00 00 17 26 B2 5E 01 04 00 51 00 01 00 95
2020-05-11 15:05:16.883:接收到的数据格式是JP协议
2020-05-11 15:05:17.263:jpMsgList缓存中接收到对应的回发数据为:jpMsgList 0 :5A 02 00 0A 04 00 33 44 00 06 33 52 01 28 21 01 01 00 39 01 00 00 58 5E 33 44 00 06 33 52 AA 00 00 00 FF 0A 07 00 00 C5 D6 07 00 30 01 00 00 17 26 B2 5E 01 04 00 51 00 01 00 95
2020-05-11 15:05:17.263:jp210101remsgList.Count :1
2020-05-11 15:05:17.765:jp210101remsgList.Count :1
2020-05-11 15:05:18.266:添加Dev到设备树中 dev.Mac :33-44-00-06-33-52-AA-00-00-00-FF-0A-07-00-00-C5-D6-07-00-30-01-00-00-17-26-B2-5E-01-04-00-51-00-01-00
2020-05-11 15:05:18.267:刷新拓扑:33-44-00-06-33-52-AA-00-00-00-FF-0A-07-00-00-C5-D6-07-00-30-01-00-00-17-26-B2-5E-01-04-00-51-00-01-00
2020-05-11 15:05:18.268:property.Mac = :33-44-00-06-33-52-AA-00-00-00-FF-0A-07-00-00-C5-D6-07-00-30-01-00-00-17-26-B2-5E-01-04-00-51-00-01-00
2020-05-11 15:05:18.269:开机第一次轮询所有设备
2020-05-11 15:05:18.272:输入的消息分类码或者主功能码或者子功能码:255不符合JP协议>>:5A 02 00 82 02 00 33 44 00 06 33 52 AA 00 00 00 FF 0A 07 00 00 C5 D6 07 00 30 01 00 00 17 26 B2 5E 01 04 00 51 00 01 00 02 00 21 01 01 1E
2020-05-11 15:10:00.380:WQ协议：mcu查询模块信息>>: AA AA 01 FC 12 00 00 01 55 7B FF
2020-05-11 15:10:06.392:deviceType = 1
2020-05-11 15:10:06.406:JP协议发送设备基本信息查询指令>>:5A 02 00 82 02 00 00 00 00 00 00 00 01 00 21 01 01 F8
2020-05-11 15:10:06.407:jp210101remsgList.Count :0
2020-05-11 15:10:06.526:单次串口事件收到数据量: 59  内容：5A 02 00 0A 04 00 33 44 00 06 33 52 01 28 21 01 01 00 39 01 00 00 58 5E 33 44 00 06 33 52 AA 00 00 00 FF 0A 07 00 00 33 42 0C 00 30 01 00 00 17 26 B2 5E 01 04 00 51 00 01 00 FC
2020-05-11 15:10:06.530:接收到完整的一帧JP协议数据
2020-05-11 15:10:06.530:JP协议接收设备基本信息回复信息>>:5A 02 00 0A 04 00 33 44 00 06 33 52 01 28 21 01 01 00 39 01 00 00 58 5E 33 44 00 06 33 52 AA 00 00 00 FF 0A 07 00 00 33 42 0C 00 30 01 00 00 17 26 B2 5E 01 04 00 51 00 01 00 FC
2020-05-11 15:10:06.531:接收到的数据格式是JP协议
2020-05-11 15:10:06.909:jpMsgList缓存中接收到对应的回发数据为:jpMsgList 0 :5A 02 00 0A 04 00 33 44 00 06 33 52 01 28 21 01 01 00 39 01 00 00 58 5E 33 44 00 06 33 52 AA 00 00 00 FF 0A 07 00 00 33 42 0C 00 30 01 00 00 17 26 B2 5E 01 04 00 51 00 01 00 FC
2020-05-11 15:10:06.909:jp210101remsgList.Count :1
2020-05-11 15:10:07.410:jp210101remsgList.Count :1
2020-05-11 15:10:07.911:添加Dev到设备树中 dev.Mac :33-44-00-06-33-52
2020-05-11 15:10:07.912:刷新拓扑:33-44-00-06-33-52
2020-05-11 15:10:07.913:property.Mac = :33-44-00-06-33-52
2020-05-11 15:10:07.914:开机第一次轮询所有设备
2020-05-11 15:10:07.916:JP协议发送设备基本信息查询指令>>:5A 02 00 82 02 00 33 44 00 06 33 52 02 00 21 01 01 EB
2020-05-11 15:10:08.036:单次串口事件收到数据量: 59  内容：5A 02 00 0A 04 00 33 44 00 06 33 52 02 28 21 01 01 00 39 01 00 00 58 5E 33 44 00 06 33 52 AA 00 00 00 FF 0A 07 00 00 19 48 0C 00 30 01 00 00 17 26 B2 5E 01 04 00 51 00 01 00 DF
2020-05-11 15:10:08.037:接收到完整的一帧JP协议数据
2020-05-11 15:10:08.038:JP协议接收设备基本信息回复信息>>:5A 02 00 0A 04 00 33 44 00 06 33 52 02 28 21 01 01 00 39 01 00 00 58 5E 33 44 00 06 33 52 AA 00 00 00 FF 0A 07 00 00 19 48 0C 00 30 01 00 00 17 26 B2 5E 01 04 00 51 00 01 00 DF
2020-05-11 15:10:08.038:接收到的数据格式是JP协议
2020-05-11 15:10:08.218:jpMsgList缓存中接收到对应的回发数据为:jpMsgList 1 :5A 02 00 0A 04 00 33 44 00 06 33 52 02 28 21 01 01 00 39 01 00 00 58 5E 33 44 00 06 33 52 AA 00 00 00 FF 0A 07 00 00 19 48 0C 00 30 01 00 00 17 26 B2 5E 01 04 00 51 00 01 00 DF
2020-05-11 15:10:08.223:JP协议发送设备在线测试查询指令>>:5A 02 00 82 02 00 33 44 00 06 33 52 03 04 01 01 02 8B 2B 5E 0B 38
2020-05-11 15:10:08.339:单次串口事件收到数据量: 23  内容：5A 02 00 0A 04 00 33 44 00 06 33 52 03 04 01 01 02 00 8B 2B 5E 0B B6
2020-05-11 15:10:08.340:接收到完整的一帧JP协议数据
2020-05-11 15:10:08.341:JP协议接收设备在线测试回复信息>>:5A 02 00 0A 04 00 33 44 00 06 33 52 03 04 01 01 02 00 8B 2B 5E 0B B6
2020-05-11 15:10:08.341:接收到的数据格式是JP协议
2020-05-11 15:15:38.084:WQ协议：mcu查询模块信息>>: AA AA 01 FC 12 00 00 01 55 7B FF
2020-05-11 15:15:44.089:deviceType = 1
2020-05-11 15:15:44.106:JP协议发送设备基本信息查询指令>>:5A 02 00 82 02 00 00 00 00 00 00 00 01 00 21 01 01 F8
2020-05-11 15:15:44.107:jp210101remsgList.Count :0
2020-05-11 15:15:44.222:单次串口事件收到数据量: 59  内容：5A 02 00 0A 04 00 33 44 00 06 33 52 01 28 21 01 01 00 39 01 00 00 58 5E 33 44 00 06 33 52 AA 00 00 00 FF 0A 07 00 00 51 69 11 00 30 01 00 00 17 26 B2 5E 01 04 00 51 00 01 00 A8
2020-05-11 15:15:44.226:接收到完整的一帧JP协议数据
2020-05-11 15:15:44.227:JP协议接收设备基本信息回复信息>>:5A 02 00 0A 04 00 33 44 00 06 33 52 01 28 21 01 01 00 39 01 00 00 58 5E 33 44 00 06 33 52 AA 00 00 00 FF 0A 07 00 00 51 69 11 00 30 01 00 00 17 26 B2 5E 01 04 00 51 00 01 00 A8
2020-05-11 15:15:44.227:接收到的数据格式是JP协议
2020-05-11 15:15:44.611:jpMsgList缓存中接收到对应的回发数据为:jpMsgList 0 :5A 02 00 0A 04 00 33 44 00 06 33 52 01 28 21 01 01 00 39 01 00 00 58 5E 33 44 00 06 33 52 AA 00 00 00 FF 0A 07 00 00 51 69 11 00 30 01 00 00 17 26 B2 5E 01 04 00 51 00 01 00 A8
2020-05-11 15:15:44.611:jp210101remsgList.Count :1
2020-05-11 15:15:45.113:jp210101remsgList.Count :1
2020-05-11 15:15:45.613:添加Dev到设备树中 dev.Mac :33-44-00-06-33-52
2020-05-11 15:15:45.614:刷新拓扑:33-44-00-06-33-52
2020-05-11 15:15:45.616:property.Mac = :33-44-00-06-33-52
2020-05-11 15:15:45.616:开机第一次轮询所有设备
2020-05-11 15:15:45.618:JP协议发送设备基本信息查询指令>>:5A 02 00 82 02 00 33 44 00 06 33 52 02 00 21 01 01 EB
2020-05-11 15:15:45.733:单次串口事件收到数据量: 59  内容：5A 02 00 0A 04 00 33 44 00 06 33 52 02 28 21 01 01 00 39 01 00 00 58 5E 33 44 00 06 33 52 AA 00 00 00 FF 0A 07 00 00 3B 6F 11 00 30 01 00 00 17 26 B2 5E 01 04 00 51 00 01 00 C7
2020-05-11 15:15:45.735:接收到完整的一帧JP协议数据
2020-05-11 15:15:45.736:JP协议接收设备基本信息回复信息>>:5A 02 00 0A 04 00 33 44 00 06 33 52 02 28 21 01 01 00 39 01 00 00 58 5E 33 44 00 06 33 52 AA 00 00 00 FF 0A 07 00 00 3B 6F 11 00 30 01 00 00 17 26 B2 5E 01 04 00 51 00 01 00 C7
2020-05-11 15:15:45.736:接收到的数据格式是JP协议
2020-05-11 15:26:56.542:WQ协议：mcu查询模块信息>>: AA AA 01 FC 12 00 00 01 55 7B FF
2020-05-11 15:27:02.562:deviceType = 1
2020-05-11 15:27:02.585:JP协议发送设备基本信息查询指令>>:5A 02 00 82 02 00 00 00 00 00 00 00 01 00 21 01 01 F8
2020-05-11 15:27:02.586:jp210101remsgList.Count :0
2020-05-11 15:27:02.972:单次串口事件收到数据量: 59  内容：5A 02 00 0A 04 00 33 44 00 06 33 52 01 28 21 01 01 00 39 01 00 00 58 5E 33 44 00 06 33 52 AA 00 00 00 FF 0A 07 00 00 85 C4 1B 00 30 01 00 00 17 26 B2 5E 01 04 00 51 00 01 00 DB
2020-05-11 15:27:02.979:接收到完整的一帧JP协议数据
2020-05-11 15:27:02.980:JP协议接收设备基本信息回复信息>>:5A 02 00 0A 04 00 33 44 00 06 33 52 01 28 21 01 01 00 39 01 00 00 58 5E 33 44 00 06 33 52 AA 00 00 00 FF 0A 07 00 00 85 C4 1B 00 30 01 00 00 17 26 B2 5E 01 04 00 51 00 01 00 DB
2020-05-11 15:27:02.981:接收到的数据格式是JP协议
2020-05-11 15:27:03.090:jpMsgList缓存中接收到对应的回发数据为:jpMsgList 0 :5A 02 00 0A 04 00 33 44 00 06 33 52 01 28 21 01 01 00 39 01 00 00 58 5E 33 44 00 06 33 52 AA 00 00 00 FF 0A 07 00 00 85 C4 1B 00 30 01 00 00 17 26 B2 5E 01 04 00 51 00 01 00 DB
2020-05-11 15:27:03.090:jp210101remsgList.Count :1
2020-05-11 15:27:03.592:jp210101remsgList.Count :1
2020-05-11 15:27:04.094:添加Dev到设备树中 dev.Mac :33-44-00-06-33-52
2020-05-11 15:27:04.095:刷新拓扑:33-44-00-06-33-52
2020-05-11 15:27:04.096:property.Mac = :33-44-00-06-33-52
2020-05-11 15:27:04.097:开机第一次轮询所有设备
2020-05-11 15:27:04.099:JP协议发送设备基本信息查询指令>>:5A 02 00 82 02 00 33 44 00 06 33 52 02 00 21 01 01 EB
2020-05-11 15:27:04.215:单次串口事件收到数据量: 59  内容：5A 02 00 0A 04 00 33 44 00 06 33 52 02 28 21 01 01 00 39 01 00 00 58 5E 33 44 00 06 33 52 AA 00 00 00 FF 0A 07 00 00 81 C9 1B 00 30 01 00 00 17 26 B2 5E 01 04 00 51 00 01 00 D1
2020-05-11 15:27:04.218:接收到完整的一帧JP协议数据
2020-05-11 15:27:04.219:JP协议接收设备基本信息回复信息>>:5A 02 00 0A 04 00 33 44 00 06 33 52 02 28 21 01 01 00 39 01 00 00 58 5E 33 44 00 06 33 52 AA 00 00 00 FF 0A 07 00 00 81 C9 1B 00 30 01 00 00 17 26 B2 5E 01 04 00 51 00 01 00 D1
2020-05-11 15:27:04.220:接收到的数据格式是JP协议
2020-05-11 15:32:32.394:WQ协议：mcu查询模块信息>>: AA AA 01 FC 12 00 00 01 55 7B FF
2020-05-11 15:32:38.399:deviceType = 1
2020-05-11 15:32:38.423:JP协议发送设备基本信息查询指令>>:5A 02 00 82 02 00 00 00 00 00 00 00 01 00 21 01 01 F8
2020-05-11 15:32:38.424:jp210101remsgList.Count :0
2020-05-11 15:32:38.550:单次串口事件收到数据量: 59  内容：5A 02 00 0A 04 00 33 44 00 06 33 52 01 28 21 01 01 00 39 01 00 00 58 5E 33 44 00 06 33 52 AA 00 00 00 FF 0A 07 00 00 71 E3 20 00 30 01 00 00 17 26 B2 5E 01 04 00 51 00 01 00 33
2020-05-11 15:32:38.558:接收到完整的一帧JP协议数据
2020-05-11 15:32:38.559:JP协议接收设备基本信息回复信息>>:5A 02 00 0A 04 00 33 44 00 06 33 52 01 28 21 01 01 00 39 01 00 00 58 5E 33 44 00 06 33 52 AA 00 00 00 FF 0A 07 00 00 71 E3 20 00 30 01 00 00 17 26 B2 5E 01 04 00 51 00 01 00 33
2020-05-11 15:32:38.559:接收到的数据格式是JP协议
2020-05-11 15:32:38.931:jpMsgList缓存中接收到对应的回发数据为:jpMsgList 0 :5A 02 00 0A 04 00 33 44 00 06 33 52 01 28 21 01 01 00 39 01 00 00 58 5E 33 44 00 06 33 52 AA 00 00 00 FF 0A 07 00 00 71 E3 20 00 30 01 00 00 17 26 B2 5E 01 04 00 51 00 01 00 33
2020-05-11 15:32:38.931:jp210101remsgList.Count :1
2020-05-11 15:32:39.433:jp210101remsgList.Count :1
2020-05-11 15:32:39.934:添加Dev到设备树中 dev.Mac :33-44-00-06-33-52
2020-05-11 15:32:39.935:刷新拓扑:33-44-00-06-33-52
2020-05-11 15:32:39.936:property.Mac = :33-44-00-06-33-52
2020-05-11 15:32:39.937:开机第一次轮询所有设备
2020-05-11 15:32:39.939:JP协议发送设备基本信息查询指令>>:5A 02 00 82 02 00 33 44 00 06 33 52 02 00 21 01 01 EB
2020-05-11 15:32:40.056:单次串口事件收到数据量: 59  内容：5A 02 00 0A 04 00 33 44 00 06 33 52 02 28 21 01 01 00 39 01 00 00 58 5E 33 44 00 06 33 52 AA 00 00 00 FF 0A 07 00 00 5D E9 20 00 30 01 00 00 17 26 B2 5E 01 04 00 51 00 01 00 16
2020-05-11 15:32:40.056:接收到完整的一帧JP协议数据
2020-05-11 15:32:40.057:JP协议接收设备基本信息回复信息>>:5A 02 00 0A 04 00 33 44 00 06 33 52 02 28 21 01 01 00 39 01 00 00 58 5E 33 44 00 06 33 52 AA 00 00 00 FF 0A 07 00 00 5D E9 20 00 30 01 00 00 17 26 B2 5E 01 04 00 51 00 01 00 16
2020-05-11 15:32:40.057:接收到的数据格式是JP协议
2020-05-11 15:32:40.254:jpMsgList缓存中接收到对应的回发数据为:jpMsgList 1 :5A 02 00 0A 04 00 33 44 00 06 33 52 02 28 21 01 01 00 39 01 00 00 58 5E 33 44 00 06 33 52 AA 00 00 00 FF 0A 07 00 00 5D E9 20 00 30 01 00 00 17 26 B2 5E 01 04 00 51 00 01 00 16
2020-05-11 15:32:40.258:JP协议发送设备在线测试查询指令>>:5A 02 00 82 02 00 33 44 00 06 33 52 03 04 01 01 02 57 6B 73 55 D7
2020-05-11 15:32:40.391:单次串口事件收到数据量: 23  内容：5A 02 00 0A 04 00 33 44 00 06 33 52 03 04 01 01 02 00 57 6B 73 55 59
2020-05-11 15:32:40.393:接收到完整的一帧JP协议数据
2020-05-11 15:32:40.394:JP协议接收设备在线测试回复信息>>:5A 02 00 0A 04 00 33 44 00 06 33 52 03 04 01 01 02 00 57 6B 73 55 59
2020-05-11 15:32:40.394:接收到的数据格式是JP协议
2020-05-11 15:32:40.560:jpMsgList缓存中接收到对应的回发数据为:jpMsgList 2 :5A 02 00 0A 04 00 33 44 00 06 33 52 03 04 01 01 02 00 57 6B 73 55 59
2020-05-11 15:32:40.560:设备在线
2020-05-11 15:32:40.562:WQ协议：查询软件启动信息>>: AA AA 01 FC 03 00 00 01 50 47 FF
2020-05-11 15:40:00.147:WQ协议：mcu查询模块信息>>: AA AA 01 FC 12 00 00 01 55 7B FF
2020-05-11 15:40:06.155:deviceType = 1
2020-05-11 15:40:06.169:JP协议发送设备基本信息查询指令>>:5A 02 00 82 02 00 00 00 00 00 00 00 01 00 21 01 01 F8
2020-05-11 15:40:06.171:jp210101remsgList.Count :0
2020-05-11 15:40:06.286:单次串口事件收到数据量: 59  内容：5A 02 00 0A 04 00 33 44 00 06 33 52 01 28 21 01 01 00 39 01 00 00 58 5E 33 44 00 06 33 52 AA 00 00 00 FF 0A 07 00 00 6E B8 27 00 30 01 00 00 17 26 B2 5E 01 04 00 51 00 01 00 70
2020-05-11 15:40:06.289:接收到完整的一帧JP协议数据
2020-05-11 15:40:06.290:JP协议接收设备基本信息回复信息>>:5A 02 00 0A 04 00 33 44 00 06 33 52 01 28 21 01 01 00 39 01 00 00 58 5E 33 44 00 06 33 52 AA 00 00 00 FF 0A 07 00 00 6E B8 27 00 30 01 00 00 17 26 B2 5E 01 04 00 51 00 01 00 70
2020-05-11 15:40:06.290:接收到的数据格式是JP协议
2020-05-11 15:40:06.672:jpMsgList缓存中接收到对应的回发数据为:jpMsgList 0 :5A 02 00 0A 04 00 33 44 00 06 33 52 01 28 21 01 01 00 39 01 00 00 58 5E 33 44 00 06 33 52 AA 00 00 00 FF 0A 07 00 00 6E B8 27 00 30 01 00 00 17 26 B2 5E 01 04 00 51 00 01 00 70
2020-05-11 15:40:06.672:jp210101remsgList.Count :1
2020-05-11 15:40:07.174:jp210101remsgList.Count :1
2020-05-11 15:40:07.674:添加Dev到设备树中 dev.Mac :33-44-00-06-33-52
2020-05-11 15:40:07.675:刷新拓扑:33-44-00-06-33-52
2020-05-11 15:40:07.676:property.Mac = :33-44-00-06-33-52
2020-05-11 15:40:07.677:开机第一次轮询所有设备
2020-05-11 15:40:07.683:JP协议发送设备基本信息查询指令>>:5A 02 00 82 02 00 33 44 00 06 33 52 02 00 21 01 01 EB
2020-05-11 15:40:07.796:单次串口事件收到数据量: 59  内容：5A 02 00 0A 04 00 33 44 00 06 33 52 02 28 21 01 01 00 39 01 00 00 58 5E 33 44 00 06 33 52 AA 00 00 00 FF 0A 07 00 00 53 BE 27 00 30 01 00 00 17 26 B2 5E 01 04 00 51 00 01 00 48
2020-05-11 15:40:07.797:接收到完整的一帧JP协议数据
2020-05-11 15:40:07.798:JP协议接收设备基本信息回复信息>>:5A 02 00 0A 04 00 33 44 00 06 33 52 02 28 21 01 01 00 39 01 00 00 58 5E 33 44 00 06 33 52 AA 00 00 00 FF 0A 07 00 00 53 BE 27 00 30 01 00 00 17 26 B2 5E 01 04 00 51 00 01 00 48
2020-05-11 15:40:07.798:接收到的数据格式是JP协议
2020-05-11 15:40:33.199:jpMsgList缓存中接收到对应的回发数据为:jpMsgList 1 :5A 02 00 0A 04 00 33 44 00 06 33 52 02 28 21 01 01 00 39 01 00 00 58 5E 33 44 00 06 33 52 AA 00 00 00 FF 0A 07 00 00 53 BE 27 00 30 01 00 00 17 26 B2 5E 01 04 00 51 00 01 00 48
2020-05-11 15:42:09.742:WQ协议：mcu查询模块信息>>: AA AA 01 FC 12 00 00 01 55 7B FF
2020-05-11 15:42:15.751:deviceType = 1
2020-05-11 15:42:15.776:JP协议发送设备基本信息查询指令>>:5A 02 00 82 02 00 00 00 00 00 00 00 01 00 21 01 01 F8
2020-05-11 15:42:15.778:jp210101remsgList.Count :0
2020-05-11 15:42:15.907:单次串口事件收到数据量: 59  内容：5A 02 00 0A 04 00 33 44 00 06 33 52 01 28 21 01 01 00 39 01 00 00 58 5E 33 44 00 06 33 52 AA 00 00 00 FF 0A 07 00 00 B2 B2 29 00 30 01 00 00 17 26 B2 5E 01 04 00 51 00 01 00 A8
2020-05-11 15:42:15.913:接收到完整的一帧JP协议数据
2020-05-11 15:42:15.915:JP协议接收设备基本信息回复信息>>:5A 02 00 0A 04 00 33 44 00 06 33 52 01 28 21 01 01 00 39 01 00 00 58 5E 33 44 00 06 33 52 AA 00 00 00 FF 0A 07 00 00 B2 B2 29 00 30 01 00 00 17 26 B2 5E 01 04 00 51 00 01 00 A8
2020-05-11 15:42:15.916:接收到的数据格式是JP协议
2020-05-11 15:42:16.281:jpMsgList缓存中接收到对应的回发数据为:jpMsgList 0 :5A 02 00 0A 04 00 33 44 00 06 33 52 01 28 21 01 01 00 39 01 00 00 58 5E 33 44 00 06 33 52 AA 00 00 00 FF 0A 07 00 00 B2 B2 29 00 30 01 00 00 17 26 B2 5E 01 04 00 51 00 01 00 A8
2020-05-11 15:42:16.282:jp210101remsgList.Count :1
2020-05-11 15:42:16.783:jp210101remsgList.Count :1
2020-05-11 15:42:17.288:添加Dev到设备树中 dev.Mac :33-44-00-06-33-52
2020-05-11 15:42:17.290:刷新拓扑:33-44-00-06-33-52
2020-05-11 15:42:17.294:property.Mac = :33-44-00-06-33-52
2020-05-11 15:42:17.296:开机第一次轮询所有设备
2020-05-11 15:42:17.301:JP协议发送设备基本信息查询指令>>:5A 02 00 82 02 00 33 44 00 06 33 52 02 00 21 01 01 EB
2020-05-11 15:42:17.410:单次串口事件收到数据量: 40  内容：5A 02 00 0A 04 00 33 44 00 06 33 52 02 28 21 01 01 00 39 01 00 00 58 5E 33 44 00 06 33 52 AA 00 00 00 FF 0A 07 00 00 A8
2020-05-11 15:42:17.426:单次串口事件收到数据量: 19  内容：B8 29 00 30 01 00 00 17 26 B2 5E 01 04 00 51 00 01 00 BB
2020-05-11 15:42:17.427:接收到完整的一帧JP协议数据
2020-05-11 15:42:17.428:JP协议接收设备基本信息回复信息>>:5A 02 00 0A 04 00 33 44 00 06 33 52 02 28 21 01 01 00 39 01 00 00 58 5E 33 44 00 06 33 52 AA 00 00 00 FF 0A 07 00 00 A8 B8 29 00 30 01 00 00 17 26 B2 5E 01 04 00 51 00 01 00 BB
2020-05-11 15:42:17.428:接收到的数据格式是JP协议
2020-05-11 15:44:00.810:WQ协议：mcu查询模块信息>>: AA AA 01 FC 12 00 00 01 55 7B FF
2020-05-11 15:44:06.870:deviceType = 1
2020-05-11 15:44:06.886:JP协议发送设备基本信息查询指令>>:5A 02 00 82 02 00 00 00 00 00 00 00 01 00 21 01 01 F8
2020-05-11 15:44:06.888:jp210101remsgList.Count :0
2020-05-11 15:44:07.012:单次串口事件收到数据量: 59  内容：5A 02 00 0A 04 00 33 44 00 06 33 52 01 28 21 01 01 00 39 01 00 00 58 5E 33 44 00 06 33 52 AA 00 00 00 FF 0A 07 00 00 B4 64 2B 00 30 01 00 00 17 26 B2 5E 01 04 00 51 00 01 00 7A
2020-05-11 15:44:07.016:接收到完整的一帧JP协议数据
2020-05-11 15:44:07.017:JP协议接收设备基本信息回复信息>>:5A 02 00 0A 04 00 33 44 00 06 33 52 01 28 21 01 01 00 39 01 00 00 58 5E 33 44 00 06 33 52 AA 00 00 00 FF 0A 07 00 00 B4 64 2B 00 30 01 00 00 17 26 B2 5E 01 04 00 51 00 01 00 7A
2020-05-11 15:44:07.017:接收到的数据格式是JP协议
2020-05-11 15:44:07.389:jpMsgList缓存中接收到对应的回发数据为:jpMsgList 0 :5A 02 00 0A 04 00 33 44 00 06 33 52 01 28 21 01 01 00 39 01 00 00 58 5E 33 44 00 06 33 52 AA 00 00 00 FF 0A 07 00 00 B4 64 2B 00 30 01 00 00 17 26 B2 5E 01 04 00 51 00 01 00 7A
2020-05-11 15:44:07.389:jp210101remsgList.Count :1
2020-05-11 15:44:07.891:jp210101remsgList.Count :1
2020-05-11 15:44:08.394:添加Dev到设备树中 dev.Mac :33-44-00-06-33-52
2020-05-11 15:44:08.395:刷新拓扑:33-44-00-06-33-52
2020-05-11 15:44:08.401:property.Mac = :33-44-00-06-33-52
2020-05-11 15:44:08.402:开机第一次轮询所有设备
2020-05-11 15:44:08.407:JP协议发送设备基本信息查询指令>>:5A 02 00 82 02 00 33 44 00 06 33 52 02 00 21 01 01 EB
2020-05-11 15:44:08.515:单次串口事件收到数据量: 33  内容：5A 02 00 0A 04 00 33 44 00 06 33 52 02 28 21 01 01 00 39 01 00 00 58 5E 33 44 00 06 33 52 AA 00 00
2020-05-11 15:44:08.532:单次串口事件收到数据量: 26  内容：00 FF 0A 07 00 00 A8 6A 2B 00 30 01 00 00 17 26 B2 5E 01 04 00 51 00 01 00 6B
2020-05-11 15:44:08.533:接收到完整的一帧JP协议数据
2020-05-11 15:44:08.533:JP协议接收设备基本信息回复信息>>:5A 02 00 0A 04 00 33 44 00 06 33 52 02 28 21 01 01 00 39 01 00 00 58 5E 33 44 00 06 33 52 AA 00 00 00 FF 0A 07 00 00 A8 6A 2B 00 30 01 00 00 17 26 B2 5E 01 04 00 51 00 01 00 6B
2020-05-11 15:44:08.534:接收到的数据格式是JP协议
2020-05-11 15:52:53.992:WQ协议：mcu查询模块信息>>: AA AA 01 FC 12 00 00 01 55 7B FF
2020-05-11 15:52:59.998:deviceType = 1
2020-05-11 15:53:00.028:JP协议发送设备基本信息查询指令>>:5A 02 00 82 02 00 00 00 00 00 00 00 01 00 21 01 01 F8
2020-05-11 15:53:00.029:jp210101remsgList.Count :0
2020-05-11 15:53:00.139:单次串口事件收到数据量: 6  内容：5A 02 00 0A 04 00
2020-05-11 15:53:00.150:单次串口事件收到数据量: 53  内容：33 44 00 06 33 52 01 28 21 01 01 00 39 01 00 00 58 5E 33 44 00 06 33 52 AA 00 00 00 FF 0A 07 00 00 45 87 33 00 30 01 00 00 17 26 B2 5E 01 04 00 51 00 01 00 70
2020-05-11 15:53:00.151:接收到完整的一帧JP协议数据
2020-05-11 15:53:00.151:JP协议接收设备基本信息回复信息>>:5A 02 00 0A 04 00 33 44 00 06 33 52 01 28 21 01 01 00 39 01 00 00 58 5E 33 44 00 06 33 52 AA 00 00 00 FF 0A 07 00 00 45 87 33 00 30 01 00 00 17 26 B2 5E 01 04 00 51 00 01 00 70
2020-05-11 15:53:00.151:接收到的数据格式是JP协议
2020-05-11 15:53:00.536:jpMsgList缓存中接收到对应的回发数据为:jpMsgList 0 :5A 02 00 0A 04 00 33 44 00 06 33 52 01 28 21 01 01 00 39 01 00 00 58 5E 33 44 00 06 33 52 AA 00 00 00 FF 0A 07 00 00 45 87 33 00 30 01 00 00 17 26 B2 5E 01 04 00 51 00 01 00 70
2020-05-11 15:53:00.536:jp210101remsgList.Count :1
2020-05-11 15:53:01.038:jp210101remsgList.Count :1
2020-05-11 15:53:01.541:添加Dev到设备树中 dev.Mac :33-44-00-06-33-52
2020-05-11 15:53:01.541:刷新拓扑:33-44-00-06-33-52
2020-05-11 15:53:01.543:property.Mac = :33-44-00-06-33-52
2020-05-11 15:53:01.543:开机第一次轮询所有设备
2020-05-11 15:53:01.545:JP协议发送设备基本信息查询指令>>:5A 02 00 82 02 00 33 44 00 06 33 52 02 00 21 01 01 EB
2020-05-11 15:53:01.669:单次串口事件收到数据量: 59  内容：5A 02 00 0A 04 00 33 44 00 06 33 52 02 28 21 01 01 00 39 01 00 00 58 5E 33 44 00 06 33 52 AA 00 00 00 FF 0A 07 00 00 32 8D 33 00 30 01 00 00 17 26 B2 5E 01 04 00 51 00 01 00 0E
2020-05-11 15:53:01.670:接收到完整的一帧JP协议数据
2020-05-11 15:53:01.671:JP协议接收设备基本信息回复信息>>:5A 02 00 0A 04 00 33 44 00 06 33 52 02 28 21 01 01 00 39 01 00 00 58 5E 33 44 00 06 33 52 AA 00 00 00 FF 0A 07 00 00 32 8D 33 00 30 01 00 00 17 26 B2 5E 01 04 00 51 00 01 00 0E
2020-05-11 15:53:01.671:接收到的数据格式是JP协议
2020-05-11 15:53:01.848:jpMsgList缓存中接收到对应的回发数据为:jpMsgList 1 :5A 02 00 0A 04 00 33 44 00 06 33 52 02 28 21 01 01 00 39 01 00 00 58 5E 33 44 00 06 33 52 AA 00 00 00 FF 0A 07 00 00 32 8D 33 00 30 01 00 00 17 26 B2 5E 01 04 00 51 00 01 00 0E
2020-05-11 15:53:01.854:JP协议发送设备在线测试查询指令>>:5A 02 00 82 02 00 33 44 00 06 33 52 03 04 01 01 02 E5 0F FF 25 FD
2020-05-11 15:53:01.968:单次串口事件收到数据量: 23  内容：5A 02 00 0A 04 00 33 44 00 06 33 52 03 04 01 01 02 00 E5 0F FF 25 73
2020-05-11 15:53:01.969:接收到完整的一帧JP协议数据
2020-05-11 15:53:01.970:JP协议接收设备在线测试回复信息>>:5A 02 00 0A 04 00 33 44 00 06 33 52 03 04 01 01 02 00 E5 0F FF 25 73
2020-05-11 15:53:01.970:接收到的数据格式是JP协议
2020-05-11 15:53:02.156:jpMsgList缓存中接收到对应的回发数据为:jpMsgList 2 :5A 02 00 0A 04 00 33 44 00 06 33 52 03 04 01 01 02 00 E5 0F FF 25 73
2020-05-11 15:53:02.157:设备在线
2020-05-11 15:53:02.158:WQ协议：查询软件启动信息>>: AA AA 01 FC 03 00 00 01 50 47 FF
2020-05-11 15:53:08.171:发送消息时所创建的不带结束标志的功能线程结束了!!!
2020-05-11 15:53:28.499:WQ协议：mcu查询模块串口波特率>>: AA AA 01 FC 0E 00 00 00 93 2B FF
2020-05-11 15:53:28.611:单次串口事件收到数据量: 12  内容：AA AA 02 FD 0E 00 00 00 00 59 BC FF
2020-05-11 15:53:28.618:WQ协议：模块返回串口波特率索引>>: AA AA 02 FD 0E 00 00 00 00 59 BC FF
2020-05-11 15:53:28.619:接收到的数据格式是WQ协议
2020-05-11 15:53:28.816:发送消息时所创建的不带结束标志的功能线程结束了!!!
2020-05-11 15:53:41.169:WQ协议：mcu查询网络>>: AA AA 01 FC 10 00 00 01 54 C3 FF
2020-05-11 15:53:43.617:WQ协议：查询发射功率>>: AA AA 01 FC 0B 00 00 01 52 27 FF
2020-05-11 15:53:47.184:发送消息时所创建的不带结束标志的功能线程结束了!!!
2020-05-11 15:53:49.660:WQ协议：查询软件版本号>>: AA AA 01 FC 02 00 00 01 51 BB FF
2020-05-11 15:53:55.685:WQ协议：查询软件版本号>>: AA AA 01 FC 02 00 00 01 51 BB FF
2020-05-11 15:54:01.747:WQ协议：查询软件版本号>>: AA AA 01 FC 02 00 00 01 51 BB FF
