2020-05-11 17:17:10.325:deviceType = 1
2020-05-11 17:17:10.382:JP协议发送设备基本信息查询指令>>:5A 02 00 82 02 00 00 00 00 00 00 00 01 00 21 01 01 F8
2020-05-11 17:17:10.383:jp210101remsgList.Count :0
2020-05-11 17:17:10.685:单次串口事件收到数据量: 59  内容：5A 02 00 0A 04 00 33 44 00 06 33 52 01 28 21 01 01 00 39 01 00 00 58 5E 33 44 00 06 33 52 AA 00 00 00 FF 0A 07 00 00 EB 96 80 00 30 01 00 00 17 26 B2 5E 01 04 00 51 00 01 00 7C
2020-05-11 17:17:10.706:接收到完整的一帧JP协议数据
2020-05-11 17:17:10.707:JP协议接收设备基本信息回复信息>>:5A 02 00 0A 04 00 33 44 00 06 33 52 01 28 21 01 01 00 39 01 00 00 58 5E 33 44 00 06 33 52 AA 00 00 00 FF 0A 07 00 00 EB 96 80 00 30 01 00 00 17 26 B2 5E 01 04 00 51 00 01 00 7C
2020-05-11 17:17:10.707:接收到的数据格式是JP协议
2020-05-11 17:17:10.975:jpMsgList缓存中接收到对应的回发数据为:jpMsgList 0 :5A 02 00 0A 04 00 33 44 00 06 33 52 01 28 21 01 01 00 39 01 00 00 58 5E 33 44 00 06 33 52 AA 00 00 00 FF 0A 07 00 00 EB 96 80 00 30 01 00 00 17 26 B2 5E 01 04 00 51 00 01 00 7C
2020-05-11 17:17:10.975:jp210101remsgList.Count :1
2020-05-11 17:17:11.477:jp210101remsgList.Count :1
2020-05-11 17:17:11.978:添加Dev到设备树中 dev.Mac :33-44-00-06-33-52
2020-05-11 17:17:11.979:刷新拓扑:33-44-00-06-33-52
2020-05-11 17:17:11.981:property.Mac = :33-44-00-06-33-52
2020-05-11 17:17:11.981:开机第一次轮询所有设备
2020-05-11 17:17:11.992:JP协议发送设备基本信息查询指令>>:5A 02 00 82 02 00 33 44 00 06 33 52 02 00 21 01 01 EB
2020-05-11 17:17:12.091:单次串口事件收到数据量: 33  内容：5A 02 00 0A 04 00 33 44 00 06 33 52 02 28 21 01 01 00 39 01 00 00 58 5E 33 44 00 06 33 52 AA 00 00
2020-05-11 17:17:12.107:单次串口事件收到数据量: 26  内容：00 FF 0A 07 00 00 32 9D 80 00 30 01 00 00 17 26 B2 5E 01 04 00 51 00 01 00 AD
2020-05-11 17:17:12.107:接收到完整的一帧JP协议数据
2020-05-11 17:17:12.108:JP协议接收设备基本信息回复信息>>:5A 02 00 0A 04 00 33 44 00 06 33 52 02 28 21 01 01 00 39 01 00 00 58 5E 33 44 00 06 33 52 AA 00 00 00 FF 0A 07 00 00 32 9D 80 00 30 01 00 00 17 26 B2 5E 01 04 00 51 00 01 00 AD
2020-05-11 17:17:12.108:接收到的数据格式是JP协议
2020-05-11 17:17:12.294:jpMsgList缓存中接收到对应的回发数据为:jpMsgList 1 :5A 02 00 0A 04 00 33 44 00 06 33 52 02 28 21 01 01 00 39 01 00 00 58 5E 33 44 00 06 33 52 AA 00 00 00 FF 0A 07 00 00 32 9D 80 00 30 01 00 00 17 26 B2 5E 01 04 00 51 00 01 00 AD
2020-05-11 17:17:12.298:JP协议发送设备在线测试查询指令>>:5A 02 00 82 02 00 33 44 00 06 33 52 03 04 01 01 02 08 77 78 37 FD
2020-05-11 17:17:12.409:单次串口事件收到数据量: 23  内容：5A 02 00 0A 04 00 33 44 00 06 33 52 03 04 01 01 02 00 08 77 78 37 73
2020-05-11 17:17:12.410:接收到完整的一帧JP协议数据
2020-05-11 17:17:12.411:JP协议接收设备在线测试回复信息>>:5A 02 00 0A 04 00 33 44 00 06 33 52 03 04 01 01 02 00 08 77 78 37 73
2020-05-11 17:17:12.411:接收到的数据格式是JP协议
2020-05-11 17:17:12.600:jpMsgList缓存中接收到对应的回发数据为:jpMsgList 2 :5A 02 00 0A 04 00 33 44 00 06 33 52 03 04 01 01 02 00 08 77 78 37 73
2020-05-11 17:17:12.601:设备在线
2020-05-11 17:17:12.603:WQ协议：查询软件启动信息>>: AA AA 01 FC 03 00 00 01 50 47 FF
2020-05-11 17:17:18.614:发送消息时所创建的不带结束标志的功能线程结束了!!!
2020-05-11 17:17:30.494:JP协议发送设备在线测试查询指令>>:5A 02 00 82 02 00 33 44 00 06 33 52 04 04 01 01 02 B7 04 18 12 73
2020-05-11 17:17:30.612:单次串口事件收到数据量: 23  内容：5A 02 00 0A 04 00 33 44 00 06 33 52 04 04 01 01 02 00 B7 04 18 12 FD
2020-05-11 17:17:30.617:接收到完整的一帧JP协议数据
2020-05-11 17:17:30.619:JP协议接收设备在线测试回复信息>>:5A 02 00 0A 04 00 33 44 00 06 33 52 04 04 01 01 02 00 B7 04 18 12 FD
2020-05-11 17:17:30.619:接收到的数据格式是JP协议
2020-05-11 17:17:30.802:jpMsgList缓存中接收到对应的回发数据为:jpMsgList 3 :5A 02 00 0A 04 00 33 44 00 06 33 52 04 04 01 01 02 00 B7 04 18 12 FD
2020-05-11 17:17:30.819:设备在线
2020-05-11 17:17:30.851:发送消息时所创建的不带结束标志的功能线程结束了!!!
2020-05-11 17:18:05.325:WQ协议：mcu查询模块串口波特率>>: AA AA 01 FC 0E 00 00 00 93 2B FF
2020-05-11 17:18:05.437:单次串口事件收到数据量: 12  内容：AA AA 02 FD 0E 00 00 00 00 59 BC FF
2020-05-11 17:18:05.439:WQ协议：模块返回串口波特率索引>>: AA AA 02 FD 0E 00 00 00 00 59 BC FF
2020-05-11 17:18:05.439:接收到的数据格式是WQ协议
2020-05-11 17:18:05.631:发送消息时所创建的不带结束标志的功能线程结束了!!!
2020-05-11 17:18:10.309:WQ协议：查询cco工作频段>>: AA AA 01 FC 16 00 00 00 95 8B FF
2020-05-11 17:18:16.323:发送消息时所创建的不带结束标志的功能线程结束了!!!
2020-05-11 17:18:17.740:JP协议发送日志配置查询指令>>:5A 02 00 83 02 00 33 44 00 06 33 52 05 00 01 01 03 CF
2020-05-11 17:18:23.755:发送消息时所创建的不带结束标志的功能线程结束了!!!
2020-05-11 17:18:28.464:WQ协议：mcu查询网络>>: AA AA 01 FC 10 00 00 01 54 C3 FF
2020-05-11 17:18:34.478:发送消息时所创建的不带结束标志的功能线程结束了!!!
2020-05-11 17:18:35.365:WQ协议：查询发射功率>>: AA AA 01 FC 0B 00 00 01 52 27 FF
2020-05-11 17:18:51.668:WQ协议：查询软件版本号>>: AA AA 01 FC 02 00 00 01 51 BB FF
